m1 <- 5
m2 <- 5
m3 <- 5
b1 <- 4
b2 <- 5
n2 <- 4

D2 = 3.946117
bayesian D =  1.229748

subpolt are primary
type2:
[1] 1.336966
[1] 1.453533
[1] 1.580262
[1] 1.718041
[1] 1.867833

